cl_CMB_lensing cl_CIB correlated_cls ell
2.0214892777814838e-07 9.094008522870734e-19 4.28759148252683e-13 0
8.194828071517434e-07 3.798482491023128e-07 5.564872430156172e-07 1
1.8669561237989518e-06 1.4708543604227525e-06 6.32032165899323e-07 2
1.2851576928294945e-06 3.281167891414741e-07 -2.785677356262833e-07 3
5.419366571424359e-07 1.6120103711316806e-06 5.454382183635607e-07 4
2.605955531070499e-07 5.918304541812485e-07 1.8743633572609785e-07 5
7.671043699383041e-07 8.552941735096854e-07 -7.796521112476722e-08 6
1.6309403382227296e-06 1.3586456184614862e-07 -4.451697412158199e-08 7
6.89640043660229e-07 3.2648995227520867e-07 1.8470691870499106e-07 8
6.071556505701311e-07 4.3861536550995255e-07 -6.207462580465681e-08 9
9.467939476314746e-07 2.8334695499436916e-07 -8.594742096084566e-09 10
1.3177812304936588e-06 2.3972758678603866e-07 2.1726349219999633e-08 11
1.3260628984289237e-06 1.054340424170981e-07 -1.1133068651773342e-07 12
1.1713877439498581e-06 6.865466811343279e-08 5.4564463111552105e-08 13
1.004550641632242e-06 1.439784433268205e-07 7.680631641943558e-08 14
1.168556215222754e-06 6.795759541690621e-08 2.0029299136301987e-08 15
1.1307999475853018e-06 1.0612345696488214e-07 3.0693381405193716e-08 16
9.993458532009299e-07 6.726623668116227e-08 3.5157906759993244e-08 17
1.1655390221584561e-06 6.783131307571436e-08 -1.2719232225157816e-08 18
1.4355757443039444e-06 7.486217321650721e-08 4.582244005624306e-08 19
1.1128440382314946e-06 4.800310646924924e-08 7.413088221520741e-08 20
1.2023502648352494e-06 5.170835321154399e-08 6.011642964695045e-08 21
1.1608743794723137e-06 4.3945329803062226e-08 1.1344385010172542e-08 22
1.3090800643622302e-06 3.775673076927857e-08 5.114517549126752e-09 23
1.2670977175780348e-06 5.2026581483987905e-08 1.0555672514179954e-08 24
1.4097858700950253e-06 3.250596825177985e-08 -8.481219915961423e-09 25
1.070286708530036e-06 2.566511725289243e-08 -2.234696952447778e-08 26
1.2232479359241542e-06 4.256060860983262e-08 2.0419282350358062e-08 27
1.1289128855519444e-06 3.711754336759779e-08 -6.253747496249806e-09 28
1.1259508195195953e-06 3.3803119067633414e-08 -1.776209918452872e-08 29
1.1740238891953574e-06 3.087036192690147e-08 6.449064724759972e-09 30
1.5260876198886796e-06 3.268028779029652e-08 4.43512653973932e-08 31
1.1532900363937531e-06 2.622864328024823e-08 3.259831344321582e-08 32
1.144120311496915e-06 2.464781626400262e-08 6.200074573694766e-08 33
1.3448610217099796e-06 2.8360076011328948e-08 1.4889850326081205e-08 34
1.0885119590321639e-06 3.05518150051174e-08 1.7079969674478762e-08 35
1.535756574236644e-06 3.821801841411888e-08 3.2457890882838555e-08 36
1.2310817913482354e-06 2.4436617953263805e-08 1.0342610501577867e-08 37
1.5458034573300466e-06 4.268232183522403e-08 6.105645929909615e-08 38
1.3216240677123512e-06 3.397368408663027e-08 4.913245876571117e-11 39
9.98701662477083e-07 2.819771906063652e-08 1.5481075668506644e-08 40
1.438562997164455e-06 2.3079192191492248e-08 2.691526242108586e-08 41
9.984369912993902e-07 3.269992822438846e-08 4.831480257537765e-08 42
1.109460066975418e-06 2.6919262465139436e-08 2.655910518940126e-08 43
9.688473726992793e-07 3.053243292631302e-08 -4.739454488698714e-09 44
9.606243107341961e-07 2.9376270268265073e-08 -3.43942906964618e-09 45
1.2794296432957312e-06 2.637402107878821e-08 2.4791044480367286e-10 46
9.03082047413656e-07 2.597154709187638e-08 4.3917429300211045e-08 47
1.080129165026308e-06 3.356924630662054e-08 2.734632179720737e-08 48
1.0394102510324377e-06 3.96575372976192e-08 3.464036485806201e-08 49
1.020850771076737e-06 2.7093868164590223e-08 3.2870028582850595e-08 50
1.3490452231700488e-06 3.32294020798634e-08 1.8618548937463053e-08 51
1.2263973000252642e-06 3.23841585961378e-08 3.382401386406167e-08 52
1.1971951144473274e-06 3.130320539765809e-08 3.531078640106792e-08 53
1.1801895499414414e-06 3.267955059232568e-08 2.7870046683818892e-08 54
1.2909266438576636e-06 3.745686311096245e-08 4.604947308060302e-08 55
1.0972335357182662e-06 2.8886424141907378e-08 -1.3181820186053751e-09 56
1.5227010703605854e-06 2.620967433160577e-08 -3.963132844520309e-10 57
1.031459329600222e-06 3.449719560022767e-08 3.196903114473275e-08 58
1.4167045227795515e-06 3.045937935894723e-08 2.2877060861461835e-08 59
1.113373876158632e-06 3.741055558522152e-08 3.0746905701571235e-08 60
1.1573444309370598e-06 3.2907230385735064e-08 2.9771424856047127e-08 61
1.2714423890613861e-06 3.931049193197783e-08 2.057048566933884e-08 62
1.3755567767741162e-06 2.7619311280941278e-08 1.5837552674440338e-08 63
1.0387558544303735e-06 3.959572657903884e-08 1.1501966327430016e-08 64
9.306993798908007e-07 3.7850380384412874e-08 3.522427890929534e-08 65
1.210423454673081e-06 3.868194440774296e-08 3.8249832614355704e-08 66
9.458682602282638e-07 4.1176289269067434e-08 1.735592375278018e-08 67
1.1108274778217804e-06 4.164014920389848e-08 6.405517093886944e-09 68
1.3208498705332214e-06 3.4036294099427714e-08 4.521400393558589e-08 69
1.2142683721131782e-06 3.851276628780721e-08 2.747897172256954e-08 70
1.1606132235562975e-06 3.656622840304302e-08 9.328350628632768e-09 71
1.1754174630036077e-06 4.114814069834036e-08 4.513781519247841e-08 72
9.956132519718826e-07 4.038336480876005e-08 1.216135318888289e-08 73
1.2885548257208974e-06 3.374012968705234e-08 2.8384967818075033e-08 74
1.1739842319599303e-06 4.2786156259139334e-08 3.701936004426942e-08 75
1.3537469034249931e-06 2.9719438673420313e-08 4.0889993414676664e-08 76
1.256000152231282e-06 3.732461129561801e-08 7.623616329117939e-08 77
1.4330058000398888e-06 3.449853050543486e-08 4.41201923574512e-08 78
1.2098447124321922e-06 5.0919743943236074e-08 5.320869978313773e-08 79
1.3326298014624378e-06 4.844054852965536e-08 3.522042514035288e-08 80
1.070168347090156e-06 5.38564601016618e-08 4.6164463049153727e-08 81
1.3198580537859503e-06 4.951748615221144e-08 2.1768054962887712e-08 82
1.1927475266945495e-06 4.288418353991824e-08 4.317769916892608e-08 83
1.5091588184337103e-06 4.086039705016215e-08 5.367617827166338e-08 84
1.334460017508347e-06 4.819820643394893e-08 3.915569755902727e-08 85
1.4051038709014154e-06 3.8032641887349137e-08 5.094008499155761e-08 86
1.277270653933062e-06 3.744752379967302e-08 3.7165427883718516e-08 87
1.3637416988680235e-06 3.41587928926301e-08 3.8469664523045854e-08 88
1.373656954765696e-06 4.087729219221068e-08 1.5718981838370415e-08 89
1.1650581737224967e-06 4.0900481719137014e-08 3.0175007441352787e-08 90
1.1017296402592579e-06 3.627690911326318e-08 4.956350602337141e-08 91
1.398627153230281e-06 3.610406376908654e-08 5.217623333822688e-08 92
1.0946351484171503e-06 3.844142633112987e-08 1.471764328608966e-08 93
1.2340405955511116e-06 4.743533436143071e-08 2.637407239798269e-08 94
1.2614283720129659e-06 3.189706239796391e-08 7.343761008075711e-09 95
1.36960439642294e-06 3.485816692053041e-08 5.9240317846231024e-08 96
1.1529888449000479e-06 3.5589838733130565e-08 1.4639645322451821e-08 97
1.4091588888526385e-06 3.855242922406387e-08 3.099688285971748e-08 98
1.1268145287895115e-06 4.260512318986295e-08 3.4894438016530194e-08 99
1.209962340454746e-06 4.160963141318415e-08 2.9669931192860096e-08 100
1.0229744534828604e-06 4.41560083171551e-08 1.3801135130995357e-08 101
1.194120225725955e-06 3.6143775712286874e-08 3.604049224824255e-08 102
1.2846352621467952e-06 3.384583535804673e-08 1.2263851985988646e-08 103
1.3226659483778538e-06 3.3271024969016017e-08 3.028510716833716e-08 104
1.2361097883784038e-06 4.26217439884849e-08 4.733660741821772e-09 105
1.297841684633632e-06 4.030508769223269e-08 3.0419263302893354e-08 106
1.2356876608465258e-06 4.160139355257274e-08 1.686218783128269e-08 107
1.2488226730891189e-06 4.3913365129492946e-08 2.6425685299554648e-08 108
1.2739941846765645e-06 4.7053484481461415e-08 5.8573584472393834e-08 109
1.3524210115375843e-06 4.7544993491261395e-08 4.5992209898309274e-09 110
1.4589674543446353e-06 3.439497999001745e-08 4.802040835232112e-08 111
1.2768222012805699e-06 3.878359672258554e-08 3.467877272614237e-08 112
1.237135178852573e-06 4.216577703726058e-08 5.2759711667735535e-08 113
1.3603928820781218e-06 4.0142978932383405e-08 5.275132070292227e-08 114
1.0734333773653486e-06 4.1102315958224614e-08 2.1931989117598018e-08 115
1.260101658936656e-06 4.0983474040492605e-08 3.235502572184758e-08 116
9.028802902842016e-07 3.866317245922411e-08 4.4697905477605636e-08 117
1.2356752443917727e-06 3.910909188996498e-08 4.2246118412107666e-08 118
1.2474101280174817e-06 3.7090406678544244e-08 5.8873384184060846e-08 119
1.2318621323374832e-06 3.927588480163074e-08 2.7472787615769513e-08 120
1.1818662449885108e-06 4.157685433381991e-08 2.8108960575478463e-08 121
1.225708088732921e-06 3.6184943046324954e-08 1.7017033146645024e-08 122
1.4978922348745658e-06 3.6655809469423644e-08 5.935883469965429e-08 123
1.2163027091284569e-06 4.372820557451805e-08 2.3508108302931665e-08 124
1.0726049988879201e-06 4.1576328627398866e-08 2.3197859423171607e-08 125
1.3039308425135643e-06 3.689463637232246e-08 4.2334374125834315e-08 126
1.2016363231147287e-06 4.317573829968315e-08 3.0950185616554745e-08 127
1.1312739764886496e-06 4.505981031329441e-08 4.012721119032566e-08 128
1.3364113832019694e-06 4.221688868137145e-08 2.90342419110361e-08 129
1.2425528601090227e-06 3.879772150796834e-08 9.359874822896618e-09 130
1.129358026932578e-06 3.964188723541776e-08 2.512793355644073e-08 131
1.0881162469595645e-06 2.8313970295212126e-08 2.857122492873512e-08 132
1.3718512534135128e-06 3.3650328256030696e-08 3.298930579525084e-08 133
1.0461559554721646e-06 3.143411083602184e-08 2.2049823148851385e-08 134
1.413455321294898e-06 3.9224635863179964e-08 5.188178917183099e-08 135
1.2414710881239714e-06 3.312119132913805e-08 1.434085771375351e-08 136
1.0206427966351615e-06 3.760036037882716e-08 2.8565984270894157e-08 137
1.2453238425807803e-06 3.495744199602819e-08 3.1106314473473995e-08 138
1.1871886279633115e-06 4.0294384501609206e-08 3.476383721594684e-08 139
1.223662626147725e-06 3.336477809436213e-08 3.800061405962756e-08 140
1.3241348298844762e-06 3.701989740924601e-08 2.981895254195405e-08 141
1.3191900732596066e-06 3.73162360166601e-08 2.6153496643336616e-08 142
1.0965911488919791e-06 3.2875157217926247e-08 3.2604926410422756e-08 143
1.2630461271824534e-06 3.1459305653359193e-08 2.679818306208553e-08 144
1.0783121587692135e-06 3.33027435671982e-08 2.626146910467051e-08 145
1.305710123631401e-06 3.467066378254788e-08 5.175284058101851e-08 146
1.0254572917211329e-06 3.41801446539239e-08 3.057036721096689e-08 147
1.2191376850688086e-06 3.28521823978891e-08 3.214474943217391e-08 148
1.0098593399662965e-06 3.3269270015526026e-08 3.2968061287873455e-08 149
1.1437147970205422e-06 3.5178888923897115e-08 2.9063793166592096e-08 150
1.0563254244765664e-06 3.378038194964967e-08 1.7109033049433175e-08 151
1.1830129013878749e-06 3.152741514598411e-08 1.482773325548581e-08 152
1.3268678438516244e-06 2.9640522595892897e-08 2.0393713035819745e-08 153
1.2342719774847748e-06 2.698671926308271e-08 2.9253563074197255e-08 154
1.4335584117348177e-06 3.34191814869597e-08 4.1333835296945844e-08 155
1.278182545303477e-06 3.014416291119819e-08 4.146700691817886e-09 156
1.2171290236369435e-06 3.194224202160754e-08 2.4221230150024877e-08 157
1.2147287213861853e-06 3.29301482982991e-08 1.944986444035809e-08 158
1.2221298263571333e-06 3.049592910769429e-08 1.507557870619424e-08 159
1.4320663166528051e-06 3.121671015005413e-08 2.4950170648799828e-08 160
1.1965330124825496e-06 2.9767986673027797e-08 2.534172172451206e-08 161
1.0645754912659631e-06 2.6911135231043812e-08 3.680971413461288e-09 162
1.0400185950207703e-06 3.367065480287461e-08 1.71189243882877e-08 163
1.1706849005106748e-06 3.263890269722064e-08 3.6667651779234246e-08 164
1.3208744047439008e-06 3.261035004365739e-08 2.2004709255571563e-08 165
1.2895103779840996e-06 3.0556836616324037e-08 1.816380006350592e-08 166
1.2092767042906494e-06 3.3065050923483304e-08 3.787145590381542e-08 167
1.2118954049537661e-06 2.931051844838111e-08 9.45172830040276e-10 168
1.2091398494429917e-06 3.136312641342543e-08 2.5440433036118514e-08 169
1.1799333490811225e-06 2.800034862427363e-08 2.414549128030608e-08 170
1.2777806526143398e-06 2.5138528729874678e-08 2.2853606325874983e-08 171
1.3606950871348398e-06 2.8217585158092918e-08 3.344814836081292e-08 172
1.2092351962724848e-06 2.8274050590793104e-08 1.1271195055692052e-08 173
1.1815637829066026e-06 2.9851449233142114e-08 1.3225821673374735e-08 174
1.2368581080175012e-06 2.843754473621293e-08 2.780410011958682e-08 175
1.2371775735726909e-06 2.8396263439903963e-08 3.144262336155363e-08 176
1.2301374501219884e-06 2.7705066415960877e-08 2.758084875275434e-08 177
1.2538144165172938e-06 3.115015175143803e-08 3.704181270706787e-08 178
1.3869500668400995e-06 2.7214644471383392e-08 5.087174703611467e-08 179
1.3069962043732795e-06 2.6747630357744614e-08 3.033176014705765e-08 180
1.3889051996887785e-06 2.795978896163274e-08 5.423097160589172e-09 181
1.3581838337023969e-06 2.795697599065226e-08 3.2387393845376634e-08 182
1.260321940838343e-06 3.0120839544272634e-08 3.97162367183966e-08 183
1.086455357897364e-06 2.8596614733920304e-08 -2.1542637513637627e-09 184
1.243320078261179e-06 2.9654420068597748e-08 2.042961094288256e-08 185
1.1084943847128818e-06 2.8603400174380208e-08 1.0941489862586031e-08 186
1.3422442915724934e-06 3.158612904074935e-08 1.4498178385828875e-08 187
1.1950095519274801e-06 2.4455215040924237e-08 2.1462229505802873e-08 188
1.4063194501946946e-06 2.857733048663859e-08 3.210522525385499e-08 189
1.2090579652792012e-06 2.6699475017866713e-08 1.8260647420235988e-08 190
1.3640865663795516e-06 2.6464451746951947e-08 1.3894200932987296e-08 191
1.158517206494412e-06 3.1019542643650836e-08 3.219219062288096e-08 192
1.273144844793029e-06 2.984785083676496e-08 1.8992821399231314e-08 193
1.1671164035883903e-06 2.9103003371423187e-08 2.607733702475171e-09 194
1.3054268176470989e-06 2.4695897637008645e-08 1.4181415569141714e-08 195
1.4697425296376262e-06 2.5354400365561637e-08 1.8837025557953066e-08 196
1.2785684019398368e-06 2.7109235078628487e-08 2.739811603891135e-08 197
1.3770759923029867e-06 2.6935967334830288e-08 2.6666510467117355e-08 198
1.2445396452948575e-06 2.4425080089584568e-08 1.437096597585494e-08 199
1.4256806920940524e-06 2.5644497633447125e-08 1.722370915647511e-08 200
1.269169667298138e-06 2.6126100857766496e-08 1.6351792987130638e-08 201
1.2920828199996648e-06 2.856818753588764e-08 2.5483421793835813e-08 202
1.239690134938071e-06 2.3774636928678088e-08 2.0454327818436513e-08 203
1.343291124602698e-06 2.535559612505796e-08 1.5306918299581362e-08 204
1.3762519156716976e-06 2.582633893535445e-08 1.8407741556601687e-08 205
1.403630378519933e-06 2.3793926281374244e-08 1.8327637854904964e-08 206
1.4183221573473744e-06 2.6231625362236322e-08 1.0219372606233024e-08 207
1.2428129650442453e-06 2.4329609914499824e-08 3.190108226233977e-08 208
1.3974284236215498e-06 2.7027613129896898e-08 3.2348310313824535e-08 209
1.3624799413486494e-06 2.250207045474641e-08 3.069115731680838e-08 210
1.318181159947927e-06 2.636009709534912e-08 1.9323938226587307e-08 211
1.2500201978433018e-06 2.256911918277306e-08 1.5955109214665844e-08 212
1.4225185390618331e-06 2.7444040834706835e-08 2.177420980957698e-08 213
1.2218219458564394e-06 2.6241407128967057e-08 1.588527920017756e-08 214
1.1448643389216964e-06 2.310907755909176e-08 1.01728412837709e-08 215
1.3753674944749526e-06 2.1273254875091853e-08 3.2800790638056515e-08 216
1.2428863627803527e-06 2.6485658843201265e-08 8.247410701148307e-09 217
1.1565948559876198e-06 2.3788003538432436e-08 1.504317039887692e-08 218
1.2513623899063598e-06 2.4569096271002733e-08 3.2078146042932218e-09 219
1.2469525673930265e-06 2.3129827515724752e-08 1.8086128643414795e-08 220
1.3284004136687539e-06 2.4092149023458206e-08 -7.605530203330534e-10 221
1.1562314070335731e-06 2.4484658664320192e-08 1.0347459900606973e-08 222
1.3399887207970748e-06 2.161630887203621e-08 1.6703214380788207e-08 223
1.2539744692453448e-06 2.489146336920327e-08 -3.1560691544816724e-09 224
1.332609897790068e-06 2.284182632455825e-08 1.421654526566956e-08 225
1.240028262020327e-06 2.5884355169321363e-08 1.344372185531793e-08 226
1.1270169980196046e-06 2.233172044879518e-08 1.7522792629418355e-08 227
1.34530662034735e-06 2.2835198974032497e-08 3.22681423345695e-08 228
1.2782126037311935e-06 2.256732504929802e-08 3.1265254106609026e-08 229
1.2914106742015562e-06 2.331810897635252e-08 2.379430504465834e-08 230
1.2708658673045907e-06 2.3834822254264664e-08 1.5195414232499603e-08 231
1.2527547063611796e-06 2.1263626271123078e-08 2.1920011093279494e-08 232
1.3335624827199751e-06 2.2712246968214802e-08 2.4257826948265986e-08 233
1.2528461210293808e-06 2.1355171738215273e-08 2.4441608839330826e-08 234
1.2878493529401008e-06 2.3468740318245455e-08 3.1980959385383875e-08 235
1.2233300880040282e-06 2.1228840813793998e-08 1.3422318062064632e-08 236
1.28125585928444e-06 2.0334798087874336e-08 2.544814721844077e-08 237
1.2225720792184936e-06 1.982669362089509e-08 5.9664833182568535e-09 238
1.2024354048181985e-06 2.1176065842876005e-08 2.8375987024272865e-08 239
1.534841659894078e-06 2.259393207589785e-08 2.2845841913509708e-08 240
1.3908861236285154e-06 1.955083901826665e-08 5.6837745800209924e-09 241
1.226190839726367e-06 2.085389330940867e-08 8.233902125568859e-09 242
1.2515784447812644e-06 2.235461007147692e-08 6.230822639471474e-09 243
1.2578219304002595e-06 2.1256395554248666e-08 2.578963344167494e-08 244
1.499701842296434e-06 2.2559982692052814e-08 2.5430646839422102e-08 245
1.1971570217615673e-06 2.3278962123653904e-08 2.4534284369284565e-08 246
1.2568476310263593e-06 2.1200901000441186e-08 1.727698934693893e-08 247
1.4442825669561212e-06 2.007783305706766e-08 1.9032476255276415e-08 248
1.2766053062325577e-06 2.0895859348068518e-08 1.051674540736229e-08 249
1.3614171443518316e-06 2.0184446360427422e-08 2.428610632621549e-08 250
1.3963720364217266e-06 1.9033789615376126e-08 1.6055553072369616e-08 251
1.221922396162231e-06 2.1043744702138456e-08 2.5023018711872195e-08 252
1.5105999084167727e-06 2.1512753843765577e-08 3.3671297471290544e-08 253
1.3431463405560348e-06 1.8514575787068002e-08 2.352261086942897e-08 254
1.3720437321436602e-06 2.2957284821563076e-08 2.7426672428491045e-08 255
1.3233386870316699e-06 1.9994788803565843e-08 2.7650000739817425e-08 256
1.1845703642743981e-06 1.9989517007147003e-08 5.236371780579798e-09 257
1.4079969113487061e-06 2.0092656054354805e-08 2.5307596719932855e-08 258
1.3384236723484747e-06 1.9010007929898315e-08 1.8644485485937978e-08 259
1.2614666939541226e-06 2.1946282610598666e-08 1.662795705785681e-08 260
1.4692250183787948e-06 1.757688884572447e-08 7.546850459554337e-09 261
1.3413168546554755e-06 1.9885334676884886e-08 1.5176869963400903e-08 262
1.3011781619816799e-06 2.0352423432190748e-08 1.593725218362196e-08 263
1.3236723135294108e-06 2.0512926356677824e-08 1.6340292498016596e-09 264
1.3566012862321707e-06 2.2621673365292945e-08 1.4440565725774596e-08 265
1.4106538186631091e-06 1.9385623200976e-08 2.2828978943854175e-08 266
1.3896818205598173e-06 2.210973971023311e-08 2.2144355835449944e-08 267
1.412595349295437e-06 2.0644123754781764e-08 2.4089786400770877e-08 268
1.4203666492167104e-06 1.9258354300251048e-08 2.2151793950788973e-08 269
1.3475946797067104e-06 1.9641283204553955e-08 2.156348473207415e-08 270
1.3891270206035742e-06 2.056835336463489e-08 1.019273862949184e-08 271
1.309990299203175e-06 1.8281058864567352e-08 2.3049746190747634e-08 272
1.2520619805829291e-06 1.9231062031172935e-08 2.4740321675799465e-08 273
1.4676957051175603e-06 1.913288588899186e-08 3.2123872989574934e-09 274
1.2714495377241075e-06 1.7814181666782097e-08 2.568280434237426e-08 275
1.263340563431604e-06 1.5928180440589425e-08 4.822506548880444e-09 276
1.215710591040806e-06 1.907284463103998e-08 1.7147587676537745e-08 277
1.2682814645211668e-06 1.7867507873062994e-08 2.1795912939459264e-08 278
1.3151244157174107e-06 2.2331383684817366e-08 1.870730682752439e-08 279
1.5010427242023387e-06 1.6533437366742307e-08 3.0186195740821894e-08 280
1.3549657846185724e-06 1.8654877434043956e-08 1.9527342922301307e-08 281
1.2793338053464455e-06 1.7664230204785236e-08 1.8308779535356353e-08 282
1.4486600247228796e-06 1.8664683048207064e-08 1.8278275253601898e-08 283
1.4531901673509348e-06 1.7867363413879463e-08 1.4785065971555533e-08 284
1.4802912381718183e-06 1.743227116736283e-08 2.7500769986250387e-08 285
1.3619984811333134e-06 1.793126105676047e-08 2.0681075253592234e-08 286
1.3742357796913136e-06 1.8731705853810644e-08 9.898575169009803e-09 287
1.2997990817268241e-06 1.848220361609395e-08 2.395141628391196e-08 288
1.2850714238247803e-06 1.9222819199882495e-08 7.50211854317041e-09 289
1.4339776488856295e-06 1.8091385634995064e-08 1.1825951321548098e-08 290
1.3143273119896635e-06 1.6544207924666557e-08 1.7980535502564802e-08 291
1.407051722803756e-06 1.596353607564961e-08 8.119658799249676e-09 292
1.2709134424983894e-06 1.8484657302788507e-08 8.432982827958756e-09 293
1.3279176419063718e-06 1.799740457801681e-08 3.090527582264845e-09 294
1.3901374871129124e-06 1.6993921867801005e-08 1.2666548014267018e-08 295
1.3413534991498458e-06 1.748983541258845e-08 1.105443991181019e-08 296
1.351864501271831e-06 1.7325130126232863e-08 3.764849438802553e-09 297
1.476400114016656e-06 1.54243632048263e-08 1.0682496573616987e-08 298
1.3618307801278296e-06 1.8084312680958194e-08 1.578185242765042e-08 299
1.3253854504840382e-06 1.672122626915822e-08 8.230456476325361e-09 300
1.4209438092215516e-06 1.7312713975167554e-08 1.0307208540471515e-08 301
1.4860290041037738e-06 1.654803818330613e-08 9.534016207544898e-09 302
1.3757167438628482e-06 1.7486804405415313e-08 1.8375667577704705e-08 303
1.5015003457706022e-06 1.633287844995263e-08 1.6314561825063262e-08 304
1.3822476522869834e-06 1.5583947354063374e-08 9.94328395768004e-09 305
1.3661026687017734e-06 1.7041834370714413e-08 1.51988068290204e-08 306
1.406537274073849e-06 1.6107082764494983e-08 1.1310208268691659e-08 307
1.2677715369218194e-06 1.552296678863226e-08 1.6951969453535197e-08 308
1.35984780363865e-06 1.5207528148480675e-08 6.52254657723235e-09 309
1.5015595613083976e-06 1.577642246123249e-08 1.755577086909678e-08 310
1.2630840372536879e-06 1.6682931635167692e-08 -4.2186904465834365e-09 311
1.3864565946264794e-06 1.7487330604197435e-08 1.1785826724452915e-08 312
1.208810190457313e-06 1.643077328510536e-08 1.651804353806332e-08 313
1.3318404789943046e-06 1.3547211068556716e-08 1.11554776873732e-08 314
1.4193507971960397e-06 1.524896357215484e-08 9.02759393373776e-09 315
1.3408317174119857e-06 1.4237913713093482e-08 1.218173340725253e-08 316
1.4416305360423264e-06 1.4420987466692821e-08 -5.210573121905237e-09 317
1.3858387470041727e-06 1.4771843656569413e-08 1.4700464831341139e-08 318
1.4131496587206552e-06 1.474457745926348e-08 1.3025622510799845e-08 319
1.3379719040731833e-06 1.5572338671101144e-08 8.016146612403237e-09 320
1.3810022486161547e-06 1.5828135080798888e-08 6.707766698645951e-09 321
1.5073901825208799e-06 1.60680108344909e-08 1.4223430950638031e-08 322
1.3044431878556795e-06 1.53880538260187e-08 1.5582652976859996e-08 323
1.2692682324778081e-06 1.501692678885524e-08 2.7872468530321564e-09 324
1.2319432099844267e-06 1.516437142555412e-08 1.6648261705221072e-08 325
1.4397237332134417e-06 1.4595938281013396e-08 1.5223878832932008e-08 326
1.3416959123894247e-06 1.5021682297136648e-08 1.9603938593485934e-08 327
1.4993019540948341e-06 1.452258839261551e-08 1.6318547613242612e-08 328
1.384114359315796e-06 1.472951130832334e-08 5.9634987174083646e-09 329
1.3838904344161107e-06 1.5264577504884863e-08 5.779161774724116e-09 330
1.4129613416493656e-06 1.307150268663259e-08 4.5573687364433295e-09 331
1.3054581076098445e-06 1.6340866608901186e-08 9.980967598689848e-09 332
1.3261998781453776e-06 1.3954085633193753e-08 1.4478830780221505e-08 333
1.3028628057078188e-06 1.5688256162427306e-08 5.73818562458577e-09 334
1.2369585118604556e-06 1.4947588401203224e-08 8.87992081502121e-09 335
1.3685631384095174e-06 1.618872402462304e-08 2.3354271464591092e-08 336
1.3512583368572741e-06 1.3370207150776705e-08 9.424668584867884e-09 337
1.4239988237627605e-06 1.4458334401445755e-08 1.2697546876069101e-08 338
1.2995494525486222e-06 1.4435522773928089e-08 8.451533314549967e-09 339
1.5653585015612722e-06 1.2296737275503286e-08 1.505731513145821e-08 340
1.2644553602888206e-06 1.453947160295102e-08 1.4664580277203102e-08 341
1.3472467995974969e-06 1.3859425197356035e-08 1.560159887788472e-08 342
1.3719703921287612e-06 1.3871410538127392e-08 8.30237735613974e-09 343
1.431228558423638e-06 1.3268751820736849e-08 1.5155271205929673e-08 344
1.2987460451610538e-06 1.3579836295532299e-08 1.70524782218468e-08 345
1.489785340768899e-06 1.2832315556263854e-08 1.4941665566766168e-08 346
1.4772813200906844e-06 1.4090526198944372e-08 9.971944264443992e-09 347
1.3835670674049246e-06 1.2696267874027385e-08 6.880008667308613e-09 348
1.430776686300207e-06 1.388391730334585e-08 3.305916806333994e-09 349
1.3875647123819769e-06 1.2582500650358644e-08 3.0822105182989065e-09 350
1.4308548349653302e-06 1.2566729023177692e-08 1.4981554116510915e-08 351
1.3179409132632703e-06 1.2432946541721106e-08 8.317676907699703e-09 352
1.3751625160626183e-06 1.3093151689823522e-08 4.653013191337847e-09 353
1.4824336211619898e-06 1.304519842959985e-08 1.0355707537337496e-08 354
1.4137079609235444e-06 1.2075424709407848e-08 8.503145084436355e-09 355
1.3845297499899321e-06 1.25052812975899e-08 1.0200443183330242e-09 356
1.4351228216318253e-06 1.3386661633428854e-08 2.501771867817614e-08 357
1.3993987659779929e-06 1.2628302044216147e-08 1.2669053134840795e-09 358
1.4263039015167291e-06 1.1973255416393341e-08 8.551937216001944e-09 359
1.3601213985059137e-06 1.3907944091649559e-08 2.4744956544264703e-08 360
1.4739683721748827e-06 1.382383816636684e-08 1.2135142401103082e-08 361
1.4137491608991394e-06 1.4345792705104998e-08 1.9491214340480134e-08 362
1.4365595039804954e-06 1.436946253928623e-08 1.417424330303282e-08 363
1.2579961902471934e-06 1.2563339923135053e-08 1.3226305484990353e-08 364
1.324274116010675e-06 1.2970491176934478e-08 5.749382632904846e-09 365
1.3362539769335516e-06 1.2135074016187155e-08 7.571433656043771e-09 366
1.530086526707501e-06 1.2877088434834784e-08 1.2314045201890711e-08 367
1.356601328106489e-06 1.1924332261716854e-08 1.6487449128131956e-08 368
1.2794792966946082e-06 1.261699039718224e-08 1.1394489782846906e-08 369
1.4436317009923944e-06 1.151748985879699e-08 1.7439106295303147e-08 370
1.4797691071719818e-06 1.155732562759428e-08 1.178760221772959e-08 371
1.398888086662156e-06 1.2104491107558407e-08 1.7241455373540496e-08 372
1.3113542105924828e-06 1.1708879765749709e-08 8.875909356322015e-09 373
1.4340527097434603e-06 1.2193961189244987e-08 1.3877313116164846e-08 374
1.4815945312802395e-06 1.166662478661422e-08 1.3194814028196228e-08 375
1.3378672772894203e-06 1.248187152247859e-08 1.3815514383479147e-08 376
1.4902987127537114e-06 1.2572034656126083e-08 1.0341171909110671e-08 377
1.4767307128098838e-06 1.1008899977124657e-08 6.918294288720092e-09 378
1.327298877114156e-06 1.1272931226479526e-08 1.701094837704502e-08 379
1.3814716218742639e-06 1.0816164173042586e-08 9.957721843856283e-09 380
1.3704184630649996e-06 1.2195069182029274e-08 1.0078735309289366e-08 381
1.4309861337051432e-06 1.1009744148480833e-08 1.3272443172931562e-08 382
1.2525668494591747e-06 1.1850902804853532e-08 1.3359800856849284e-08 383
1.328232732827386e-06 1.1963785563810393e-08 1.009423337506084e-08 384
1.336469667175847e-06 1.1770801597243874e-08 1.3441719092156756e-08 385
1.3175765221892772e-06 1.180342089852224e-08 9.875771117612785e-09 386
1.2857190465916748e-06 1.1310563872653312e-08 9.624858185809265e-09 387
1.3633134634957118e-06 1.066010622530169e-08 1.1380227588669945e-08 388
1.2608863540818737e-06 1.1548945834536682e-08 5.743595447583121e-09 389
1.3631209401339876e-06 1.131019684663799e-08 8.826555846105432e-09 390
1.3127182264004992e-06 1.114817819054828e-08 1.1532862579399613e-08 391
1.4283860196409335e-06 1.2410045129946062e-08 1.036753532692799e-08 392
1.3298068233384475e-06 1.0977983068684863e-08 6.301095048722374e-09 393
1.3623025883814335e-06 1.2036726383114793e-08 6.121271302473535e-09 394
1.3570994451330946e-06 1.1262213839460842e-08 7.134796624566595e-09 395
1.288189137706359e-06 1.1720643001263712e-08 1.2205112269903178e-08 396
1.2731758853254028e-06 1.0444433427782715e-08 2.0633604036589465e-09 397
1.4032558860867506e-06 1.0923072644931261e-08 4.535663043637117e-09 398
1.370280934118479e-06 1.0832049737689047e-08 5.413331251315196e-09 399
1.457838676748522e-06 1.0438133957511718e-08 2.104679221677595e-08 400
1.3743957517175911e-06 9.694881781262171e-09 3.79305166614419e-09 401
1.3591080891087381e-06 1.0508794797195577e-08 9.936855762774476e-09 402
1.4304524989845682e-06 1.0770112684833022e-08 6.8041899390309236e-09 403
1.3546907238739297e-06 1.0502463778127446e-08 1.0656028788251003e-08 404
1.3447279332871505e-06 9.791201366096457e-09 1.0818946533111349e-08 405
1.3774951924256127e-06 1.1122833286445376e-08 1.7642663907601365e-08 406
1.3142304466422229e-06 1.054477974755922e-08 6.399568401926924e-09 407
1.4898005809828198e-06 1.0377655722503326e-08 6.986460393806272e-09 408
1.2955413524643807e-06 9.480669743919032e-09 2.2759067076995076e-09 409
1.3137345782246478e-06 1.1361460575415917e-08 3.1921021446098575e-09 410
1.4275537009667226e-06 1.0294273801030755e-08 1.1696925645529043e-08 411
1.3863399963600536e-06 1.0941916501718075e-08 3.535548987715795e-09 412
1.3084264039797037e-06 1.1946828203288896e-08 8.74896230135581e-09 413
1.4582137278224296e-06 1.0784093423193037e-08 1.4823425099915928e-08 414
1.4669170925624951e-06 1.033473584285307e-08 5.223908850237756e-09 415
1.4891818710349857e-06 1.077794801985571e-08 2.0348098095893016e-08 416
1.4078241414403516e-06 9.617784544405138e-09 1.0596952852712436e-08 417
1.4430828086771604e-06 1.0137946252655946e-08 8.712966882805566e-09 418
1.4697012558310447e-06 1.0138817007001136e-08 9.05890889973045e-09 419
1.4138542127388455e-06 9.793330614419014e-09 1.7767072569291205e-09 420
1.4243423711104698e-06 1.0169579112690616e-08 1.7661356167901894e-08 421
1.3453366965981154e-06 1.0573924966249759e-08 -2.1485044010580328e-10 422
1.3498989525676023e-06 1.1351713984412451e-08 9.23633452929993e-09 423
1.3728091550934693e-06 1.0623849020853837e-08 7.324148150071984e-09 424
1.3073995308927064e-06 1.0661406726012968e-08 1.214743623072016e-08 425
1.4110629541977394e-06 1.0142717921038988e-08 7.892882223648624e-09 426
1.4643435611082204e-06 1.100255769912504e-08 1.1946520388450466e-08 427
1.3147860961227807e-06 1.0050081664429624e-08 1.1641628944174454e-08 428
1.3506277227851362e-06 9.63000007722088e-09 3.838805255248103e-09 429
1.3602885932262333e-06 8.929184578512956e-09 6.338662291314948e-09 430
1.34823527029002e-06 9.95821279929008e-09 1.0935995762677685e-09 431
1.348225404910685e-06 9.356805017588741e-09 9.541041760877701e-09 432
1.277239306114757e-06 1.008256486204132e-08 4.909082723131756e-09 433
1.2614543691450564e-06 8.368841760752905e-09 5.552769957042687e-09 434
1.340764627497776e-06 9.453247173448357e-09 8.822547401416296e-09 435
1.3213116790269632e-06 9.458012674368504e-09 2.323583477296429e-09 436
1.2830002719443008e-06 1.0074714233792413e-08 1.2568229612617402e-08 437
1.4478729933207529e-06 9.224504357879752e-09 6.189262841215562e-09 438
1.4192173831985699e-06 1.0436036894121441e-08 9.578238370921402e-09 439
1.3953548950562646e-06 9.48967412773497e-09 1.2730514575309824e-08 440
1.3462913642193571e-06 9.01171110975641e-09 1.1779665414381428e-08 441
1.2878732383375792e-06 9.358549372793328e-09 1.2668152026851967e-08 442
1.1840365500010203e-06 8.878692086081373e-09 1.389716560895436e-10 443
1.3470528539924748e-06 8.910023856727367e-09 2.167008898719515e-09 444
1.3219841014278806e-06 9.781974674613403e-09 8.808003594736375e-09 445
1.2842969336938431e-06 9.656980556631245e-09 1.377379663569511e-08 446
1.4313066070174536e-06 9.901917480691394e-09 6.260741543250025e-09 447
1.2751686896830058e-06 9.132207642887527e-09 4.153397928519392e-09 448
1.3256466855171097e-06 1.1326806556315995e-08 6.862552636850919e-09 449
1.4228495843429146e-06 9.176765159215707e-09 1.0793252924158297e-08 450
1.4056893632175841e-06 9.833148326365304e-09 4.030929517792101e-09 451
1.3342529213025459e-06 9.626995297424349e-09 -4.274908526739942e-10 452
1.2638849215902576e-06 9.961573713120754e-09 5.615541287739388e-09 453
1.349774394753431e-06 9.202440102683074e-09 3.513303721389681e-09 454
1.335776025177864e-06 9.535483897414402e-09 3.625075965709836e-09 455
1.481032025841828e-06 9.371728668862047e-09 4.527992122301486e-09 456
1.4012287421884272e-06 8.41544393455657e-09 1.5371206021466703e-09 457
1.3522686376879364e-06 9.149071227932032e-09 3.878322640171499e-09 458
1.3473363283023229e-06 8.686497470586034e-09 3.0793408573897604e-09 459
1.3975617361491774e-06 9.05918510442348e-09 1.9061718224395323e-09 460
1.4270749711471102e-06 9.62017253712373e-09 6.1526842319725134e-09 461
1.5005588714343224e-06 8.897602043375411e-09 8.855550934873135e-09 462
1.5907022835935738e-06 8.544132512980525e-09 8.634739108461385e-09 463
1.2805609952057222e-06 8.71225064807945e-09 6.090242449725466e-09 464
1.359939711399196e-06 8.441285053484842e-09 1.001582765470395e-08 465
1.4239423896614213e-06 9.316713106412888e-09 8.776989910163017e-09 466
1.4112038844835834e-06 7.958772524300936e-09 5.933937050178545e-09 467
1.4258429024441345e-06 8.856877957245645e-09 1.0414261884573203e-08 468
1.3603659448392121e-06 7.891940072177512e-09 6.199960779269198e-09 469
1.4411978586864725e-06 9.159608775219396e-09 1.221126892046769e-08 470
1.5020734638923778e-06 8.004251745416847e-09 9.964424220275405e-09 471
1.4778900415014817e-06 8.87003693175869e-09 -1.3356100514727706e-09 472
1.3299194954150443e-06 8.275659481957981e-09 4.246270264431653e-09 473
1.4599358095343715e-06 8.416915776653952e-09 8.306049904247492e-09 474
1.4951559681908685e-06 8.553261767273899e-09 6.5187625959903734e-09 475
1.3346560743883873e-06 8.144780465284607e-09 3.4832002556019324e-09 476
1.365729553701424e-06 7.650092345935653e-09 2.1510817355726108e-09 477
1.3533166748256504e-06 8.455386592211689e-09 2.798721167703836e-09 478
1.4648857689090247e-06 8.538369259318429e-09 5.8510751347496546e-09 479
1.2696737223496034e-06 8.126209838722409e-09 2.403303304382083e-09 480
1.3314165091168907e-06 8.215574785491023e-09 6.5001421554633246e-09 481
1.4258298994568473e-06 8.519415299589841e-09 7.106610496047116e-09 482
1.4060498224107789e-06 8.963069255679714e-09 2.739809958251729e-09 483
1.327108362705363e-06 8.051335574445509e-09 4.706640852294342e-09 484
1.4109417786150322e-06 8.458999624092973e-09 5.053717760522556e-09 485
1.4305028483088617e-06 7.3905577107889054e-09 7.3973981995917876e-09 486
1.4023326698954973e-06 8.363476257881717e-09 1.1476786806458634e-08 487
1.4147390228189511e-06 7.604396791170413e-09 7.56762217440769e-09 488
1.5153053681816211e-06 8.083111757199764e-09 9.009660011126324e-09 489
1.4041759368992263e-06 8.367153376622335e-09 8.645314743876077e-09 490
1.4396716110749124e-06 8.268221635803455e-09 9.595963146180587e-09 491
1.4267756827934606e-06 7.58964020356301e-09 1.510285067031603e-08 492
1.380655191640195e-06 8.091421776825964e-09 1.544466799920483e-09 493
1.516471420091245e-06 7.915426600167314e-09 5.298274714364763e-09 494
1.3667226047838983e-06 7.83157594733514e-09 6.048941579946462e-09 495
1.3613365239171148e-06 7.730737406343981e-09 2.515894847164286e-09 496
1.3143340798366766e-06 7.440096642149543e-09 1.4592643883127028e-09 497
1.4075031599326241e-06 7.962091484815773e-09 7.306432220606446e-09 498
1.277543572773969e-06 8.657390444798674e-09 8.355296019437457e-09 499
1.3976669802444559e-06 7.84343710910408e-09 7.172773008625015e-09 500
1.297661772394577e-06 7.721314073095503e-09 2.6374779359562943e-09 501
1.4425099689322816e-06 7.903311137354601e-09 3.6952226275472717e-09 502
1.3416306064193343e-06 8.381265007837835e-09 7.873247574508039e-09 503
1.5110109776187516e-06 8.216369872581692e-09 7.667863160293098e-09 504
1.421091350575601e-06 7.44331399902267e-09 7.282894516402947e-09 505
1.432018793376629e-06 8.090127946487747e-09 4.662208609204924e-09 506
1.3360139946652196e-06 7.589114677946845e-09 9.081212582329042e-09 507
1.4230799094614412e-06 7.488424254968213e-09 -1.4880506394152174e-09 508
1.3009687222029232e-06 7.892087536114598e-09 1.0598071625288967e-08 509
1.4074952197374491e-06 7.402817152225866e-09 1.9682341513240866e-09 510
1.3828845793434716e-06 7.3796028101476786e-09 2.6750991198405276e-09 511
1.4807638079979177e-06 7.398675237706593e-09 7.642020710285997e-09 512
1.3267382093883239e-06 6.8586689941075085e-09 5.821933711572066e-09 513
1.424943545896921e-06 7.585384584913408e-09 5.700881329600015e-09 514
1.4140869640250655e-06 7.1255711138236614e-09 5.667141625194662e-09 515
1.4349349287672959e-06 7.30509530584885e-09 4.890070286027023e-09 516
1.3649707834762837e-06 7.3493012548048434e-09 5.259369452214614e-09 517
1.3999946970399432e-06 7.106182593100591e-09 7.77143003381165e-09 518
1.335111162613443e-06 7.693363323262398e-09 6.648842702236158e-09 519
1.5073378270630434e-06 7.672436947336016e-09 6.753723630712677e-09 520
1.3888433957776856e-06 7.744899554697466e-09 2.664855186556212e-09 521
1.4253660210875502e-06 7.861696352775976e-09 3.2186734847553234e-09 522
1.3887172837330791e-06 7.710737219223341e-09 -2.9124569400032766e-09 523
1.3480633849912282e-06 8.172442574116679e-09 6.812968137847163e-09 524
1.4068747692412586e-06 7.60356024469267e-09 4.590936292830986e-09 525
1.4349500432162149e-06 7.70565673745411e-09 1.6000767521551501e-09 526
1.475782560460952e-06 7.384880711624964e-09 8.652524745181896e-09 527
1.4584255306541658e-06 7.445206344768005e-09 9.810441553454873e-09 528
1.4173310467825387e-06 7.085040988454071e-09 7.827217169577853e-09 529
1.3524524232487406e-06 7.287501278338133e-09 6.23819883037469e-09 530
1.4643731519813855e-06 7.379634062736309e-09 9.013580937021978e-09 531
1.298303313203917e-06 6.870200862525459e-09 9.098672242705807e-09 532
1.4527900664141477e-06 7.126804618003862e-09 4.657505540353731e-09 533
1.4560823058763464e-06 7.01708376797718e-09 7.760228777587632e-09 534
1.4711698615598935e-06 7.2467426507286925e-09 8.021638719847798e-09 535
1.443394958325736e-06 7.1759226046859635e-09 6.762190927489935e-09 536
1.4269381232256074e-06 6.8319272511715685e-09 7.599884910324887e-09 537
1.4583276035324163e-06 7.189873911556639e-09 4.274292616222021e-09 538
1.405956733472335e-06 6.3557154973597274e-09 4.352656721612917e-09 539
1.27687066098176e-06 6.622220958012378e-09 5.240415628059118e-09 540
1.3802571237284824e-06 7.467166004513216e-09 6.581713741257245e-09 541
1.4297141950723076e-06 6.64835192921505e-09 2.8732097943892407e-09 542
1.5018036708149e-06 7.006419572720504e-09 4.089362424837221e-09 543
1.4802989232392475e-06 6.7554862541791806e-09 5.504525189801557e-09 544
1.5481872062057185e-06 7.108269222726792e-09 4.948016832925697e-09 545
1.3854240948330068e-06 6.753458477889601e-09 5.654079889341015e-09 546
1.3368828820354378e-06 7.247262989518576e-09 4.070190105384841e-09 547
1.4911292681569242e-06 6.65734531597152e-09 3.6336247558519707e-09 548
1.3819002142671027e-06 6.636001121334035e-09 5.372938709298311e-09 549
1.4827416550535137e-06 6.643129102153743e-09 4.943075430304471e-09 550
1.3796058740122689e-06 6.371170034805756e-09 5.267850096056631e-09 551
1.395587810535243e-06 6.6534381704731e-09 8.784206059026962e-09 552
1.3384234690397374e-06 6.337291480158852e-09 4.112355432650116e-09 553
1.2546012813044881e-06 6.6252868980880095e-09 4.4513117552667456e-09 554
1.3124251980758216e-06 6.294114860975591e-09 5.500687936209652e-09 555
1.3243190978731818e-06 6.235775051422342e-09 9.36132052939636e-09 556
1.4410144670226464e-06 5.895749070241256e-09 4.281339930835602e-09 557
1.3607986344062494e-06 6.741687805923513e-09 1.4339618986068916e-08 558
1.3745699677673224e-06 6.5658770800478606e-09 7.706273386727977e-09 559
1.5065660698999587e-06 5.911173335553533e-09 9.859466631256433e-09 560
1.327007826856804e-06 6.0047903182987985e-09 6.234950796043667e-09 561
1.3653821118154385e-06 6.262949591007628e-09 1.7590166819084706e-09 562
1.434764387360553e-06 6.016218988011587e-09 1.1771199477362796e-09 563
1.3632145057614334e-06 6.8023612615348124e-09 3.290023480376732e-09 564
1.3536539093124167e-06 5.910961353433743e-09 8.784747132685532e-09 565
1.399132879505268e-06 6.525321944509818e-09 1.0411679315518642e-08 566
1.3424027832183048e-06 6.122662613080769e-09 8.458744127836424e-09 567
1.44219035376189e-06 6.326225424750222e-09 8.84758890815792e-09 568
1.3977988356535724e-06 5.639107587969605e-09 6.187452145006275e-09 569
1.4242354106224438e-06 6.819037379939004e-09 2.54564633999191e-09 570
1.4122318343557766e-06 6.135516035305301e-09 4.371925465323739e-09 571
1.4861366627955554e-06 6.043652265827272e-09 3.031816853758286e-09 572
1.5508586970694197e-06 6.263461227797854e-09 2.0518930380675546e-09 573
1.3617030906478218e-06 6.0326767546390445e-09 8.119862332694822e-09 574
1.4011120169805804e-06 5.970125350507789e-09 5.612621016630883e-09 575
1.4343532932173631e-06 6.002550414725063e-09 3.348108951051094e-09 576
1.3813854784971292e-06 6.3048019966254114e-09 8.00445723037795e-09 577
1.3938295575259726e-06 5.890463456033222e-09 3.5406583578120425e-09 578
1.5714667833210054e-06 6.807406478781413e-09 1.0881792943674848e-08 579
1.440127465893946e-06 5.8022162434372134e-09 5.822050300501329e-09 580
1.405695086016452e-06 6.158090221050828e-09 2.4281556034386496e-09 581
1.5549571583705692e-06 5.710848290735596e-09 4.173626434061243e-09 582
1.40258714518248e-06 6.098280141860631e-09 5.129861328828286e-09 583
1.4615474142920357e-06 6.170125361861617e-09 7.625666626077472e-09 584
1.441744961570115e-06 5.4486550500313946e-09 3.6512270397202935e-09 585
1.4845026697603484e-06 6.068001310590369e-09 5.763514840856574e-09 586
1.4935920710418569e-06 5.6974617374559065e-09 2.5722890235310126e-09 587
1.3483684017502473e-06 5.347780278436146e-09 5.375474403979023e-09 588
1.4398767831875584e-06 6.092209926483299e-09 3.4289427294219318e-09 589
1.3757323170520619e-06 5.5931401691616e-09 4.556242643275546e-09 590
1.5264389729295422e-06 6.51074497780933e-09 6.001492042914788e-09 591
1.519731851257435e-06 5.87154367075773e-09 2.548936208918387e-09 592
1.457125212806681e-06 6.170557541961603e-09 4.7679469705952534e-09 593
1.43052419821678e-06 6.047997779767592e-09 -5.287702381641188e-10 594
1.475524140274044e-06 5.926965774211411e-09 2.4933790335588395e-09 595
1.4424469888099762e-06 5.827407716067572e-09 1.0371732560336552e-08 596
1.416116710070387e-06 5.765304664811934e-09 8.520010832219121e-10 597
1.4296693716934267e-06 6.072902391922421e-09 6.106933133996478e-09 598
1.4409674947705157e-06 5.541935634279944e-09 2.3725967548072946e-09 599
1.4843411575131508e-06 6.217397815856172e-09 9.392263679545877e-09 600
1.4542321730244482e-06 5.128640130433549e-09 6.684454409542743e-09 601
1.4499400145089922e-06 5.987492782011767e-09 1.0051976250604267e-08 602
1.3847796141203886e-06 5.541134874032329e-09 4.915991690739461e-09 603
1.4815038547969158e-06 5.91748719823348e-09 1.5422075450841446e-10 604
1.461139248376161e-06 5.573809732133334e-09 2.18023627860058e-09 605
1.3841007130818271e-06 5.741540110478018e-09 5.177358300376294e-09 606
1.4715604239270313e-06 5.299897958300212e-09 5.732498865597818e-09 607
1.4507124424655032e-06 5.5666180842363895e-09 1.0467977470472395e-09 608
1.5144909993713421e-06 5.424151145705407e-09 6.306180529972081e-09 609
1.44746318626732e-06 6.0022344439349836e-09 7.1158454449279925e-09 610
1.3764608236039503e-06 5.631128330304788e-09 5.559904102468892e-09 611
1.357858056896297e-06 5.5433203367109455e-09 4.5106235203348215e-09 612
1.494883080077265e-06 5.474438124466545e-09 5.413462681044277e-09 613
1.495060430303547e-06 5.5934027735509034e-09 6.3542236933845895e-09 614
1.4361353123924368e-06 5.578706612414232e-09 1.998090020347464e-09 615
1.3014765991873896e-06 5.201402565488411e-09 1.0036886028483722e-08 616
1.428949918418055e-06 5.399869414448447e-09 5.6208079535117485e-09 617
1.4317556185523766e-06 5.366932028880925e-09 3.654494173808303e-09 618
1.3999701373078212e-06 5.551537247250592e-09 5.012110439837055e-09 619
1.4299945123864555e-06 5.02229015811219e-09 7.074321104853843e-09 620
1.4662181696299445e-06 5.435916353379743e-09 2.310251862381117e-09 621
1.4477162005081082e-06 5.106736554011856e-09 2.627447644788803e-09 622
1.5090079005592926e-06 5.4717974727009835e-09 3.19746147179957e-09 623
1.4482296338674557e-06 5.359517882394203e-09 -1.7946864360040296e-09 624
1.446489532707793e-06 4.928006631128705e-09 -1.4117840141537837e-09 625
1.3650924038150527e-06 5.552038050339426e-09 6.583211604154642e-10 626
1.4208319916887578e-06 5.047541812925908e-09 2.358808550344041e-09 627
1.560746604143715e-06 5.268482217262599e-09 6.013809283974161e-09 628
1.56336571905143e-06 5.639937933939735e-09 3.809334720885975e-09 629
1.3970539968848607e-06 5.272847781557063e-09 -2.1054040619282665e-10 630
1.4759154610480634e-06 5.356758707681515e-09 5.697081887025952e-09 631
1.3989706259624013e-06 5.296890596866258e-09 1.5396942757018462e-09 632
1.4584474845821253e-06 5.400704598732035e-09 1.8189544291950278e-09 633
1.481778532723323e-06 5.344440206147818e-09 3.718040356652764e-09 634
1.4319391081915019e-06 5.151549952559706e-09 4.167168534384276e-09 635
1.4682234460556597e-06 5.390590275415761e-09 3.923426306224436e-09 636
1.4609510160467266e-06 5.438524574624463e-09 4.239765484474278e-09 637
1.4900665766365809e-06 5.177538931220315e-09 7.953355304547564e-09 638
1.5160295749586248e-06 5.4590194196305575e-09 7.202257763940932e-09 639
1.577480985510258e-06 5.15916611949215e-09 6.907604996317174e-09 640
1.5191162391728586e-06 5.064371320094507e-09 1.604358468619521e-09 641
1.535882286617892e-06 5.46570935968198e-09 1.102201426366219e-09 642
1.5133693724253461e-06 5.535244970450687e-09 5.4863791600643516e-09 643
1.4312940473056074e-06 4.9762349216193445e-09 1.507302422630991e-09 644
1.412083020526607e-06 5.516875494790998e-09 -1.1701841489764207e-09 645
1.447855745109099e-06 5.102223814698852e-09 5.268785523180061e-10 646
1.4682397915774308e-06 4.993172530244709e-09 5.401246755439469e-09 647
1.4446550064311694e-06 4.971447146338174e-09 1.5927956529005396e-09 648
1.467413484970754e-06 5.0246366714219375e-09 4.303034211166517e-09 649
1.50746432837054e-06 4.667737225171147e-09 3.1120470773121432e-09 650
1.4665295521973018e-06 5.176849800861386e-09 6.748861761801532e-09 651
1.4663453454780174e-06 5.045868218957089e-09 3.86059375910109e-09 652
1.5236975022404186e-06 5.047911386223861e-09 6.860975195075663e-09 653
1.5096669994234982e-06 4.662465718448799e-09 1.6150544511252846e-09 654
1.4369215762717767e-06 5.148735025651829e-09 3.5931991932901434e-09 655
1.4763699707141107e-06 4.982296020774387e-09 7.871116658650115e-09 656
1.556287530829723e-06 4.913158328754783e-09 9.085415980125864e-10 657
1.516909609842735e-06 5.093089510516282e-09 7.530422077731741e-09 658
1.4420368339765166e-06 4.81631136588668e-09 2.5689494973433347e-09 659
1.5204875545395268e-06 4.497090760437585e-09 2.074622772479564e-09 660
1.5570512949333516e-06 4.6567863674244724e-09 1.8454145886752487e-09 661
1.5715548970089829e-06 4.654443696020573e-09 -9.003877437298132e-10 662
1.601688630288565e-06 4.580244724588205e-09 5.3770122576732505e-09 663
1.3556912957050822e-06 5.0885974006440155e-09 2.659305040400759e-09 664
1.4820350434911365e-06 4.663594168525972e-09 3.741517653207833e-09 665
1.4927133993789053e-06 4.771420742839854e-09 3.999290061212369e-09 666
1.4644153867594227e-06 4.7600064885136605e-09 2.5602452721692993e-09 667
1.4171008949263627e-06 4.935613561554079e-09 -1.5006503630030028e-09 668
1.5775656981889498e-06 4.449090150347627e-09 8.660548840331402e-09 669
1.5273421912764457e-06 4.8541064772658376e-09 5.962127021704601e-09 670
1.5219741689061926e-06 4.293109581207042e-09 1.1195123460021246e-08 671
1.4775715260266674e-06 4.584351800955738e-09 5.970009207825897e-09 672
1.4029781537013482e-06 4.51102790402578e-09 2.0754242354080877e-09 673
1.5645874077669697e-06 4.880621563891647e-09 5.827117631650469e-09 674
1.4837056461698924e-06 4.6322572149463925e-09 9.026717262731188e-10 675
1.4644419885074714e-06 4.631621813023989e-09 9.608745865954676e-09 676
1.4798174695132585e-06 4.790025689770569e-09 3.2213130623799577e-09 677
1.5157396546189535e-06 4.294232975772377e-09 5.679129243903388e-09 678
1.4936982531298788e-06 4.8154207568674045e-09 3.830967058699487e-09 679
1.4210416997963857e-06 4.494643353800328e-09 4.274380387640976e-09 680
1.4882280215965032e-06 4.645872089787116e-09 8.128156541753601e-09 681
1.5933245678041067e-06 4.563856735889667e-09 3.539395862103654e-09 682
1.4620537804374434e-06 4.576419241817429e-09 2.5157428661182796e-09 683
1.4706501018997043e-06 4.800796745642164e-09 6.878983163100126e-09 684
1.439611133333735e-06 4.483887848409858e-09 3.674770660535001e-09 685
1.6032993610817447e-06 4.735713788286361e-09 4.646003982028283e-09 686
1.415094996221967e-06 4.695343345274029e-09 2.7772328761576054e-09 687
1.5098087337384176e-06 4.610027285764639e-09 2.389534641924939e-09 688
1.4756490140957476e-06 4.320144242622438e-09 4.660296318577538e-09 689
1.5525423434529273e-06 4.847143001335894e-09 4.909040378635476e-09 690
1.4644371181208994e-06 4.4317295898756015e-09 3.6419589463845852e-09 691
1.5019642148077007e-06 4.549279057147869e-09 4.209917127326023e-09 692
1.4842751168721914e-06 4.259641373556829e-09 1.1510927292890105e-09 693
1.5008292877351695e-06 4.602520720797712e-09 5.287828549482567e-09 694
1.465364319537176e-06 4.678525352220221e-09 5.557798372813714e-10 695
1.5526938143831015e-06 4.585950600494484e-09 2.5500000315980633e-09 696
1.4223059570554614e-06 4.412520531852626e-09 1.5772567629869488e-09 697
1.4060486447712752e-06 4.4037964368524585e-09 6.3075911049560085e-09 698
1.5463277090585397e-06 4.485039388843617e-09 -2.4876608377033794e-09 699
1.5250314807067517e-06 4.0692046620955004e-09 4.5930278114745e-09 700
1.5661764124336037e-06 4.51845187984342e-09 7.961844352151991e-10 701
1.5016463357686494e-06 4.301587823836199e-09 4.8316126187608e-09 702
1.444435450196262e-06 4.561066354023057e-09 4.887863054981156e-09 703
1.479284787282063e-06 4.291393266468133e-09 1.2902968598623642e-09 704
1.4756737336217823e-06 4.3186792704185845e-09 5.305008446477234e-09 705
1.5056664416399772e-06 4.33816038609307e-09 2.189551472007455e-09 706
1.5255747595017434e-06 4.099096788250922e-09 5.981725943105271e-09 707
1.3860884316827693e-06 4.064242246423441e-09 5.511377505825941e-10 708
1.4350582779536494e-06 4.23052709173814e-09 3.2753957627023273e-09 709
1.5793811997272751e-06 3.932228878181657e-09 4.56315670316026e-09 710
1.5436286116740858e-06 4.490365173669693e-09 7.94070487679416e-09 711
1.4817252128036787e-06 3.90636054766209e-09 3.780334611388098e-09 712
1.51168173399308e-06 4.484147954635143e-09 4.662117467770115e-09 713
1.5733261784864401e-06 4.140640083861983e-09 3.031602435092487e-09 714
1.5162440653755887e-06 4.30745042353831e-09 1.5086889748602437e-09 715
1.4310494206814376e-06 4.084152522260416e-09 3.5592225084784156e-09 716
1.5410727250687164e-06 4.189208272791885e-09 -3.119600488830158e-10 717
1.5048918981629876e-06 4.098091819982111e-09 4.2449960951548885e-09 718
1.4319476100637872e-06 3.976982742203716e-09 3.0190703160517025e-09 719
1.4567410135316961e-06 4.037331193462135e-09 2.7663258040969923e-09 720
1.436852372803453e-06 4.114581019990219e-09 2.5974077026582066e-09 721
1.408358371951734e-06 4.724383640962286e-09 3.457791637995209e-09 722
1.3742288034019628e-06 3.991073344994355e-09 6.272518047587317e-09 723
1.507628783317504e-06 4.233429857303222e-09 4.0827969786961245e-09 724
1.4356315831345404e-06 3.771970626294478e-09 3.5104270839369873e-09 725
1.4809889743637879e-06 4.11097728661133e-09 3.0142456767460073e-09 726
1.6366327957562196e-06 3.865701020737914e-09 5.7398430213836355e-09 727
1.4867798399815902e-06 4.247108830525392e-09 4.029444111221058e-09 728
1.4217908660506426e-06 4.003343133272089e-09 2.188989769296023e-09 729
1.465517443951517e-06 4.153438630659319e-09 4.656870996461896e-09 730
1.6261742001428174e-06 4.055320959637762e-09 3.48360981764762e-09 731
1.5050688216017856e-06 4.025674683661671e-09 2.9876736960215452e-09 732
1.4722283649167722e-06 3.912039236493672e-09 5.036198481337764e-09 733
1.6148443547399584e-06 3.5981241621382783e-09 -1.2614673240387354e-09 734
1.5685676288165116e-06 3.814111377783154e-09 9.249709697009588e-10 735
1.4693668031489808e-06 3.749744845574392e-09 4.097190020271121e-09 736
1.6106938249014217e-06 3.7813878428238265e-09 4.521713009914246e-09 737
1.4903193756827632e-06 3.78705891606268e-09 2.2554845048373414e-09 738
1.5421978205603436e-06 3.834668115056819e-09 4.553392878731076e-09 739
1.5813541227833962e-06 4.09761306623526e-09 7.734686073418225e-09 740
1.5376155327969383e-06 3.676719397378634e-09 6.3786514983260405e-09 741
1.6063101658212646e-06 3.7577908386225e-09 1.303852787486554e-10 742
1.476746112509482e-06 3.8976720820716635e-09 2.3137976638958754e-09 743
1.5227230790772797e-06 3.940056614660017e-09 3.5391647081297667e-09 744
1.431465919655484e-06 4.006435016065988e-09 7.713781155897909e-11 745
1.5353309771352466e-06 3.887695346550565e-09 5.0409739120363e-09 746
1.5622004882774062e-06 3.85272161829456e-09 2.0675975343809542e-09 747
1.5055712745179564e-06 3.8336483543514764e-09 5.589565876802555e-09 748
1.55834095863708e-06 3.921706834264511e-09 -5.664898746727357e-10 749
1.5893437764643227e-06 3.900062458812974e-09 6.7911705272779326e-09 750
1.519541218070982e-06 3.981874871023646e-09 -5.205881042508005e-10 751
1.4561966377544803e-06 3.648238685303161e-09 1.3481009694123855e-09 752
1.4729278050393289e-06 4.0489422244020995e-09 4.312725726544354e-09 753
1.5873484973771652e-06 3.918510491595964e-09 4.19321222914038e-09 754
1.4072624349773584e-06 3.969250389391084e-09 2.4946825321532064e-09 755
1.534259143414648e-06 3.696261326243602e-09 2.0586947492224927e-09 756
1.435797662356128e-06 3.726227862622129e-09 3.2417665493753593e-09 757
1.5016764442887542e-06 3.756615803280615e-09 3.213467989693372e-09 758
1.5939416266138227e-06 3.8015771684725875e-09 4.109664215643003e-09 759
1.4130141482190088e-06 3.253438149164221e-09 3.1619783634227232e-09 760
1.5013152113622137e-06 3.814094228324847e-09 3.4901460529931406e-09 761
1.4825446736908942e-06 3.722848307277344e-09 5.115117431412351e-09 762
1.4767745916893294e-06 3.530778417303558e-09 3.9726629186240355e-09 763
1.6236699546707178e-06 3.5783892841294562e-09 4.71026902553887e-09 764
1.558645927705298e-06 3.7155795021739704e-09 1.299721423724404e-09 765
1.5009367891862416e-06 3.6424725909247295e-09 4.822408684112365e-09 766
1.6068564312135373e-06 3.5793423457155747e-09 5.351822334959781e-09 767
1.5091557395411272e-06 3.2970361332968643e-09 1.8970536850345273e-09 768
1.508814673028413e-06 3.500059694335494e-09 3.3413964565557047e-09 769
1.550948786249164e-06 3.788827633290127e-09 2.752844423200981e-09 770
1.4963876131116352e-06 3.5332495669640692e-09 4.06673491257227e-09 771
1.4940988631623038e-06 3.814449213943599e-09 6.256233522042154e-10 772
1.5941215638170305e-06 3.5051215934041826e-09 5.283457929596889e-09 773
1.5543781129685467e-06 3.848882304461723e-09 8.741646495611493e-10 774
1.4954833533926305e-06 3.713272137923812e-09 5.131512120002087e-09 775
1.5306741399456419e-06 3.4953650611628604e-09 3.644953469819469e-09 776
1.586710998384351e-06 3.6082906641447723e-09 1.4513528894629658e-09 777
1.57839525843803e-06 3.6276738362191744e-09 3.0988009952624293e-09 778
1.526150639811917e-06 3.5255232211602584e-09 3.757438077562458e-09 779
1.6604789791824673e-06 3.9534371504705395e-09 2.964046770955567e-09 780
1.4687077660627681e-06 3.515063991940155e-09 4.700915234015224e-09 781
1.4525552357851244e-06 3.830488874669048e-09 1.2822852187959346e-10 782
1.5622257618121619e-06 3.5759227646211045e-09 1.4428918672242832e-09 783
1.6247465421304813e-06 3.4310030385738436e-09 -2.2473207037840615e-10 784
1.4995540089586402e-06 3.579521500208175e-09 -9.03112814709506e-11 785
1.535668986768853e-06 3.755059397485354e-09 1.1602463855249482e-09 786
1.451043511206637e-06 3.4456933991727195e-09 3.720292111734845e-09 787
1.5596186130886828e-06 3.38422817050359e-09 4.464350411846849e-09 788
1.4508458013295415e-06 3.681805931845016e-09 2.1825097187779405e-09 789
1.4236381135612683e-06 3.749795400364282e-09 3.6401415928324555e-09 790
1.535047697496255e-06 3.5543349763825497e-09 4.46149195080068e-09 791
1.5276159612029434e-06 3.416255897407739e-09 4.148036008386147e-09 792
1.4506599569876764e-06 3.403420365980618e-09 1.3549527746579929e-09 793
1.5896572278038855e-06 3.5219416983513563e-09 3.8617430784241635e-09 794
1.4774986708878984e-06 3.4829762407245735e-09 2.4587690608336787e-09 795
1.5155018522551417e-06 3.2993260416524663e-09 2.5984372711673194e-09 796
1.537270647931114e-06 3.4623795672073445e-09 3.1513319467643713e-09 797
1.5718799577778314e-06 3.4555403509246353e-09 1.201892794609284e-09 798
1.5754366754006652e-06 3.3647605567446566e-09 3.414722625779295e-09 799
1.58559485701931e-06 3.3665106940133535e-09 3.922823651192252e-09 800
1.5761233325963048e-06 3.4081763621829623e-09 3.50800957929791e-09 801
1.6238131633442499e-06 3.4970974240109698e-09 2.421783108360482e-09 802
1.5476860970444287e-06 3.198976726684273e-09 2.78295718167483e-09 803
1.4932738462120377e-06 3.380845504591669e-09 7.43359255075514e-09 804
1.5671342718063945e-06 3.198598928540702e-09 3.7598317354025075e-09 805
1.5059174381767578e-06 3.4144746995834694e-09 2.1417858169191653e-09 806
1.5179267709267538e-06 3.354352927827098e-09 2.129644832023018e-09 807
1.4964466129885079e-06 3.2100905367217537e-09 3.0043117773218882e-09 808
1.543391579290024e-06 3.3337990107451253e-09 1.8534511311682445e-09 809
1.5244395141080411e-06 3.1939572797439895e-09 3.998231901481e-09 810
1.521995003424951e-06 3.1471230799576246e-09 1.1330149269083347e-09 811
1.4673634904698937e-06 3.4970113290649902e-09 2.8053937751173103e-11 812
1.5476764784955886e-06 3.2052441713070183e-09 3.5556924122197946e-10 813
1.5019464907723941e-06 3.215349693160462e-09 2.5157113858815434e-09 814
1.444703728312514e-06 3.214047281564865e-09 2.400505531296871e-09 815
1.542030067926536e-06 3.310542429200648e-09 2.215805486298509e-09 816
1.4338551666276948e-06 3.3242042344713994e-09 5.460706528627537e-09 817
1.5107764724587325e-06 3.333886721756391e-09 3.3479830770779923e-10 818
1.5364623676852818e-06 3.255534185596478e-09 8.25256887651248e-10 819
1.5603976963975698e-06 3.4402926696748837e-09 2.7787520924536036e-09 820
1.6607935062485872e-06 2.99995043658955e-09 2.341974004315138e-09 821
1.4887363838888135e-06 3.2239275498092713e-09 3.056464550961452e-09 822
1.6097939820744324e-06 3.141208707123844e-09 1.279642756579281e-09 823
1.5237433443352565e-06 3.1451721316930997e-09 7.555907533869231e-10 824
1.4842309395679424e-06 3.4218151136194797e-09 3.751849093141971e-10 825
1.5437693566554025e-06 3.24480486955732e-09 1.2934759018845971e-09 826
1.5808626555054844e-06 3.375640390605651e-09 5.615176728879546e-09 827
1.5518268233313403e-06 3.098879407305522e-09 6.514437583456605e-10 828
1.5253739600568027e-06 3.136113192554554e-09 4.775085113606794e-09 829
1.519178658506882e-06 3.2968586770691304e-09 6.828483573679105e-10 830
1.6121687164565605e-06 3.2872884729716738e-09 5.33536875051928e-09 831
1.6252094196485383e-06 3.2618418135884377e-09 -2.649997487745585e-09 832
1.620195612671183e-06 3.028166289612325e-09 3.6020080827515578e-09 833
1.4987236168701422e-06 3.2144802316251376e-09 1.5397807526641533e-10 834
1.569958803485149e-06 3.240164560625515e-09 4.802036099305455e-09 835
1.5848460274510824e-06 3.379184972379839e-09 3.750765816389667e-10 836
1.5515973676031546e-06 3.1884946761343254e-09 -5.819755894038096e-10 837
1.6633019988407148e-06 3.2118313357362804e-09 1.6423482690120392e-09 838
1.4862745414879424e-06 3.271872072081006e-09 2.3111602611817934e-09 839
1.6185067545722537e-06 3.0740757277687055e-09 4.4202572022092085e-09 840
1.595693202855303e-06 3.203144594355549e-09 3.44505568967057e-10 841
1.5472045981377552e-06 3.0343720254492343e-09 2.1259853717243182e-09 842
1.6672798141822876e-06 2.8655283850578616e-09 4.2166665768573065e-09 843
1.6245471802842534e-06 3.1545629211656163e-09 4.6356025957050665e-09 844
1.5912229663788666e-06 3.034016454276009e-09 2.7610124937309302e-09 845
1.6574395853807738e-06 3.1596900668570557e-09 2.4379582565985996e-09 846
1.5002932989478037e-06 3.0249463784537802e-09 4.620630090932149e-09 847
1.5020394907966727e-06 2.970584891002698e-09 4.9385907323252404e-09 848
1.537235035504147e-06 3.168600330384927e-09 2.691666004726975e-09 849
1.5995273950309447e-06 2.9534242424385526e-09 3.6741282312255282e-09 850
1.5411393458756138e-06 3.0665430480925436e-09 2.654606407825977e-10 851
1.6010559707376744e-06 2.9399336804170616e-09 4.460357513865531e-09 852
1.5136793053239041e-06 2.9458402052573427e-09 2.2237899288161504e-09 853
1.5603384829714413e-06 3.1874845247476305e-09 3.9242157686864015e-09 854
1.6105192752544108e-06 3.1246330972174115e-09 5.432835705454073e-09 855
1.6172569146863139e-06 3.324524927704464e-09 2.0977918712488466e-09 856
1.6487441375640324e-06 3.1558680061535454e-09 2.4716311759819027e-09 857
1.6216140742847361e-06 3.3510282826337802e-09 3.0477178350038305e-09 858
1.668742564648137e-06 3.0381028317622852e-09 6.336683661646306e-09 859
1.5426107839432592e-06 3.170367694200964e-09 3.314545901070307e-09 860
1.6360061258367222e-06 2.895926720921735e-09 -1.864701428076041e-09 861
1.6037573454258528e-06 2.8761554169277838e-09 5.624165422375608e-10 862
1.6024975944183367e-06 2.9270750589012553e-09 3.066072182165362e-09 863
1.6474961659960663e-06 2.8686908281559846e-09 7.595009973409293e-10 864
1.533016091462712e-06 3.145551424592863e-09 1.0406556638532192e-09 865
1.5794064327539818e-06 2.9325949655395143e-09 2.0344798193951397e-09 866
1.5046781489857777e-06 3.033893305593582e-09 2.5802346076078887e-09 867
1.6101163453999113e-06 2.9754948932610455e-09 1.5821171927148498e-09 868
1.6088650081328595e-06 3.064461521145854e-09 9.77384659073222e-10 869
1.587076982985396e-06 3.053214652204686e-09 3.2908217872929033e-09 870
1.5945795146327727e-06 2.9561970738551288e-09 2.52043283594502e-09 871
1.5628258991317997e-06 3.0155188894361968e-09 2.0889262737646428e-09 872
1.626248945696865e-06 2.8338515835821057e-09 3.609518625339961e-09 873
1.5038340141641559e-06 2.7689792303102256e-09 1.140255225336337e-09 874
1.5429730613587277e-06 2.8791669630055696e-09 3.3417714196968522e-09 875
1.6142345447357371e-06 2.8203605696126138e-09 2.0445792437294136e-09 876
1.6834973880096252e-06 2.8740873903161825e-09 3.820658630896518e-09 877
1.7009304509233576e-06 2.8693387716309537e-09 4.532767613532264e-09 878
1.6364913740786696e-06 2.7475053333200646e-09 1.5429621597168748e-09 879
1.6580983864656019e-06 2.766084286931775e-09 3.6524789843234507e-09 880
1.5721910397755094e-06 2.843688362051505e-09 2.200855881572377e-09 881
1.6193631583379343e-06 2.852432780871797e-09 2.127650223681237e-09 882
1.611924516948828e-06 3.010888655157938e-09 1.142845449298579e-09 883
1.5952392845289204e-06 2.9165671288377916e-09 1.0213368461376995e-09 884
1.5917706060191853e-06 2.7320040087388543e-09 3.645063036839614e-09 885
1.6161888208088453e-06 2.7674749131837048e-09 3.0030254978889726e-09 886
1.6065355047715918e-06 2.577000648048738e-09 3.6251075021813846e-09 887
1.6833812398984716e-06 2.8432283485896655e-09 1.4626255755459994e-09 888
1.590795038089758e-06 2.8428728608812965e-09 5.746436194901481e-09 889
1.6750503525962307e-06 2.7488595508673607e-09 3.7073316643353187e-09 890
1.6045668976187996e-06 2.8117479282708737e-09 1.825011138357376e-09 891
1.5591540013354218e-06 2.8754480407793733e-09 3.521195657720761e-09 892
1.656149461383227e-06 2.8024495011918442e-09 2.6094660313220422e-09 893
1.735409925334693e-06 2.7663456815576053e-09 8.828441150161794e-10 894
1.5335306522910003e-06 2.9481617669863868e-09 1.903786791933318e-09 895
1.7178818611523567e-06 2.619738214310358e-09 1.8237991017883653e-09 896
1.6875126280535556e-06 2.7226991702549626e-09 4.557412359670532e-09 897
1.5618363254040885e-06 2.69579917534152e-09 6.387958926496167e-10 898
1.7245954394789923e-06 2.687738558821224e-09 2.3517172743063588e-09 899
1.5464669083927408e-06 2.8346769090388207e-09 2.009073217521698e-09 900
1.5704499738427795e-06 2.815878439701267e-09 2.1931077476767754e-09 901
1.5407401890053055e-06 2.543944725233034e-09 4.38426163951617e-09 902
1.6477583320873517e-06 2.62604478291238e-09 2.650386937860815e-09 903
1.5901542900035948e-06 2.7047987902254123e-09 3.6428579683362265e-09 904
1.6754000128147052e-06 2.6333971580712532e-09 4.162616171056805e-09 905
1.556596180237805e-06 2.8313819934902726e-09 3.66248049434718e-09 906
1.7009832090723413e-06 2.8162329363358932e-09 1.8840841974216123e-09 907
1.7157421001019309e-06 2.7631404034024935e-09 7.188566212070684e-09 908
1.5979372669292365e-06 2.6654294212529825e-09 4.854025664058194e-09 909
1.6676189624443498e-06 2.7852162866915628e-09 5.31360303615938e-09 910
1.572366665360758e-06 2.6397763962512632e-09 -1.449125506062431e-10 911
1.6694273396546807e-06 2.7093233240179978e-09 1.2365985304901268e-09 912
1.6692035492643635e-06 2.6083432671511606e-09 -1.6801139822457392e-09 913
1.6601114635809748e-06 2.632284759598957e-09 1.095175868038649e-09 914
1.585834018989538e-06 2.6699401503126085e-09 1.973789785899209e-09 915
1.625417259006151e-06 2.5061476540351497e-09 2.6563619932592063e-09 916
1.6668803299649533e-06 2.708361539456885e-09 7.458060064176898e-10 917
1.6540981347704444e-06 2.581025276784646e-09 2.1857998120339807e-09 918
1.591202826101606e-06 2.8048806234745372e-09 3.886614524386999e-09 919
1.620112007172717e-06 2.7639222478160095e-09 6.017171797794606e-10 920
1.6119696836639085e-06 2.6213816733842987e-09 1.599821334066727e-09 921
1.6547138450095848e-06 2.648539046163283e-09 3.915765617446065e-09 922
1.6685142005371638e-06 2.717434608801198e-09 4.900068144323198e-09 923
1.6716706251973744e-06 2.696329906113514e-09 2.1320066799092823e-09 924
1.647718071517915e-06 2.507191710749503e-09 4.1831996450595745e-09 925
1.6793496316348371e-06 2.5741050717815523e-09 1.455504969401114e-09 926
1.8004900518171532e-06 2.6043836663925347e-09 1.8898890219612036e-09 927
1.7080524255934187e-06 2.5501118082528754e-09 2.9543090910211915e-09 928
1.6140782613000703e-06 2.4912888148792968e-09 2.00681162369431e-09 929
1.8227159764670917e-06 2.5254999970308613e-09 4.762769013961001e-09 930
1.7072455827855817e-06 2.5082895839406752e-09 2.50130936732123e-10 931
1.6778270002780351e-06 2.4907184136561524e-09 2.808184302134798e-09 932
1.7400733621900981e-06 2.593597310732941e-09 2.3404819926612205e-09 933
1.8088457235720159e-06 2.643677281573746e-09 2.5928682738401416e-09 934
1.6851693650248464e-06 2.5613041115646354e-09 7.518228298356518e-10 935
1.7237941149140988e-06 2.402944491787971e-09 3.794141422878714e-09 936
1.7155151164787702e-06 2.5681441016552404e-09 8.558391958033124e-10 937
1.5994064631949704e-06 2.4102517309050875e-09 1.148740468325062e-09 938
1.7281812984951877e-06 2.4419813554421258e-09 5.510916082952698e-12 939
1.6166497542989164e-06 2.4082629180614347e-09 1.366510005199252e-09 940
1.669626496621303e-06 2.492068249038091e-09 1.917856461289764e-09 941
1.6192311286191605e-06 2.5590817189968194e-09 5.762027053958349e-10 942
1.6533778356818902e-06 2.367201635685629e-09 1.9912063863122972e-10 943
1.6374173423657005e-06 2.304968037087361e-09 3.3469421396310212e-09 944
1.6864298309595256e-06 2.4473761046697053e-09 1.2869140047559811e-09 945
1.5966631387139963e-06 2.3894713633359217e-09 3.5855835200476993e-09 946
1.7414752916025886e-06 2.4508979336190123e-09 3.486170898877178e-09 947
1.7128321210458078e-06 2.3526004884164606e-09 3.4989363353084666e-09 948
1.6153223940943037e-06 2.436875948094922e-09 7.294421212888738e-10 949
1.6701983809383492e-06 2.4618918489323764e-09 2.838281827801935e-09 950
1.7506080309120238e-06 2.537164772856699e-09 1.1910336223913971e-09 951
1.6603851211525883e-06 2.4411637303620373e-09 4.1519372923524485e-09 952
1.7039491411067774e-06 2.5598265662000754e-09 3.6195771737967686e-09 953
1.7664794261459803e-06 2.4610063340470063e-09 3.280710973399724e-09 954
1.6793874650407477e-06 2.3792808120230676e-09 1.2700678546206752e-09 955
1.6814622135374265e-06 2.3513918522725375e-09 3.255629409346433e-09 956
1.7478772308500865e-06 2.399149833716514e-09 2.3357516177396385e-09 957
1.7523264593660797e-06 2.473482359644786e-09 3.5525607841148477e-09 958
1.6684985561849704e-06 2.2995234285770398e-09 -1.1231075055392355e-09 959
1.7114115307316854e-06 2.4247158247679806e-09 1.175039695779424e-09 960
1.6443685769498594e-06 2.3616014443996587e-09 -7.407676908518726e-10 961
1.7252878165314931e-06 2.4111837431381384e-09 1.043181959430553e-09 962
1.701693309214595e-06 2.311580388933947e-09 1.6375604350305032e-09 963
1.7324944132260107e-06 2.4769220313104505e-09 1.9625986450793906e-09 964
1.7924604038484236e-06 2.3548819135179835e-09 2.3798543957145236e-09 965
1.7760102929930306e-06 2.22633812824444e-09 1.2117420430541748e-09 966
1.6972017891073939e-06 2.3483078427997326e-09 2.8573429789668465e-09 967
1.6694330975832912e-06 2.22991355558123e-09 3.993763660734383e-09 968
1.6250453871698944e-06 2.3271519371812606e-09 2.9182917161900107e-09 969
1.7253231136412013e-06 2.2265052452944e-09 -3.5407805346802506e-10 970
1.7151501336925364e-06 2.351106960776283e-09 1.93424962952161e-09 971
1.6873143405893012e-06 2.1925561505781225e-09 2.062911932313068e-10 972
1.7603737478071661e-06 2.125836972918552e-09 -5.211420902005505e-10 973
1.7485965334434481e-06 2.328395428776558e-09 1.3568170098116812e-09 974
1.7498460659939899e-06 2.1653152103929427e-09 2.013426398856624e-09 975
1.7845216949978238e-06 2.356106354508032e-09 2.793186643986623e-09 976
1.6675407745100083e-06 2.1886834096796863e-09 3.3733000422568313e-09 977
1.8702548899873436e-06 2.2347849917429396e-09 4.644020253144596e-09 978
1.724287347292031e-06 2.165952740566248e-09 -1.3043041101448868e-10 979
1.8132768360882514e-06 2.2983075348915487e-09 2.382966165639841e-09 980
1.6295379600464882e-06 2.1896919826210655e-09 8.159835977927363e-10 981
1.7457482115504765e-06 2.1748495933977732e-09 2.253670737217477e-09 982
1.7270245992889476e-06 2.3305462843712793e-09 2.264569144781481e-09 983
1.7031920866417926e-06 2.2410901224993468e-09 1.5214407035211485e-09 984
1.6919553857075632e-06 2.202257203997116e-09 2.985441636753596e-09 985
1.7907775819523115e-06 2.3102850747119496e-09 6.127169330637054e-10 986
1.773602236982079e-06 2.225806026399132e-09 2.854001443706545e-09 987
1.7514384381048887e-06 2.2650923888474998e-09 5.186772470826424e-10 988
1.7221361575302021e-06 2.35085717146767e-09 -5.499531296008906e-10 989
1.8419486444617172e-06 2.324496740291245e-09 2.084721172892229e-09 990
1.877771918964953e-06 2.214125276573212e-09 5.449041614096115e-10 991
1.67084534581312e-06 2.1188102184123796e-09 -1.5446366308385608e-10 992
1.755018581993038e-06 2.1866019016134613e-09 2.3950115375681955e-09 993
1.7534664310650463e-06 2.4495726947376026e-09 6.381267694441997e-10 994
1.7167355769254484e-06 2.2889553737914148e-09 1.5158381836822927e-09 995
1.7447781415469449e-06 2.278873357375648e-09 1.0492165868227943e-10 996
1.8078589179024704e-06 2.1357293787405387e-09 3.401385936503491e-09 997
1.6404209959224045e-06 2.1411763110862037e-09 1.0353786451988975e-09 998
1.7571088347276175e-06 2.3345409477231725e-09 4.9708591994121385e-09 999
1.7412529216426894e-06 2.049725923989792e-09 3.10885831384472e-09 1000
1.7811672534538886e-06 2.110235974751075e-09 2.409081337701375e-09 1001
1.7959473516716471e-06 2.1263738892085186e-09 2.175529887502873e-09 1002
1.778702115054577e-06 2.1843086805390287e-09 3.4278773610580767e-09 1003
1.7653326637035638e-06 2.1251124689166986e-09 1.0676202183273254e-09 1004
1.7010437755042444e-06 2.2720777892437002e-09 1.5636778196444508e-09 1005
1.7461862379344212e-06 2.104197359108308e-09 2.027439033665865e-09 1006
1.6699588246817101e-06 2.2219196635577827e-09 1.9711117482815165e-09 1007
1.759209444134303e-06 2.106523869913091e-09 1.2974007448861464e-09 1008
1.7756508265028285e-06 2.236610400261704e-09 2.2212986261465832e-10 1009
1.7892646858726249e-06 2.123309893427827e-09 -1.7132361603125583e-09 1010
1.799947196977942e-06 2.1613709055557266e-09 3.4911297042855794e-09 1011
1.749121934912557e-06 2.0380045270362862e-09 1.0574687301376197e-09 1012
1.7865591552884725e-06 2.0515913716755938e-09 -8.47322047725748e-10 1013
1.781954734109399e-06 2.1222937650074126e-09 -1.5589838346284637e-09 1014
1.7128489228607948e-06 2.089267782443723e-09 2.3380071130637277e-09 1015
1.7737857867315728e-06 2.1155622077639875e-09 2.1316262209880255e-10 1016
1.6939536500912172e-06 2.1630786013020074e-09 8.014178975617765e-10 1017
1.7448332664973038e-06 2.050255330003101e-09 2.0089921584461373e-09 1018
1.8607800981327134e-06 2.0752444886728345e-09 4.717552309821177e-09 1019
1.894151063523517e-06 2.0870323181217846e-09 2.511637126677361e-09 1020
1.721145259975161e-06 2.05125816980861e-09 3.736617818480314e-11 1021
1.7896187067196179e-06 2.051202859243467e-09 2.2704802152757237e-09 1022
1.7418421207055095e-06 2.036154504512788e-09 1.3238016135720486e-09 1023
1.70953549556166e-06 2.1431389991683015e-09 8.410777293488508e-10 1024
